15092
45621
75060
78157
56124
25439
93683
44186
20270
29836
30808
76819
29264
97314
47486
37482
45993
91044
25315
35484
80110
92337
45189
20209
32252
40706
27885
99241
63822
17276
88777
35609
83673
54282
41682
77463
55939
82447
49962
44421
61731
99346
15031
39284
85743
88619
51151
97868
14277
79989
80142
93143
21748
71240
49179
96978
58512
69501
24996
46389
42124
67170
39952
36574
33938
88595
39672
83997
76585
72863
51128
78015
82690
57979
90090
80541
21414
29773
94080
28271
95616
72209
38448
18761
10796
68496
44168
26299
44057
42271
48554
10036
13796
52923
95920
70561
80628
44730
33025
15296
30606
23318
86678
67763
90223
78666
74627
59399
43986
78098
14689
17352
21266
62828
46862
32747
86581
72589
52161
70463
53909
24489
12231
49723
34692
38486
53096
63305
87711
94699
29757
46564
55880
61376
40035
16687
35182
96702
43492
33449
37504
47869
86393
19573
94564
56551
59409
74934
83491
15128
20864
38016
23095
53913
21245
24726
78262
85826
39509
13722
97093
49585
30016
47164
84843
20804
55534
63925
53938
91076
81482
91980
11757
59127
47054
51976
14566
92922
70331
41499
28961
16734
61735
50335
79993
54442
26317
91470
75163
95659
55274
17054
48678
59118
42864
56581
74070
74151
13401
20102
28297
45357
41293
11590
55723
22802
62764
64207
69467
55445
32766
21405
69854
71681
79423
81680
13771
34741
23416
16182
98437
39437
15459
32214
77789
82686
54523
72197
90154
86837
62206
35249
25539
54567
99876
62363
21724
93582
21230
14029
93701
36951
46675
54474
60263
56561
66040
86170
44850
14737
93450
88786
93784
71129
53509
68379
51395
82912
54512
61176
92925
26719
89733
35243
96268
40263
25328
12742
49436
85493
40531
84982
95892
57737
27271
21375
47245
33039
89631
11157
48129
21420
57340
48834
78118
87329
78400
81529
60648
14754
51323
13315
75073
15332
66186
27247
51933
62562
46440
26314
14859
77906
30667
37159
83490
99615
80200
61349
49972
86469
85137
56064
49742
10960
95437
30270
39243
53147
56616
44767
99657
12462
65020
81927
82009
67552
25125
84686
29415
71726
70007
25738
11283
29620
37693
37572
13776
24691
64749
74567
32999
50194
75871
27555
74423
37517
90839
26775
98820
20463
61163
48073
58530
24508
66192
16320
94663
62221
80029
27434
74369
32425
16671
75193
98556
63265
65289
14589
38252
96892
75507
51615
52948
66332
17449
80057
63000
54642
66989
47026
55392
60236
34577
32543
17244
65220
25477
75890
62497
47073
33804
20084
10807
59362
68197
67775
44748
42906
73096
78302
72947
48215
20590
65468
82474
34901
74055
56306
86430
98270
18904
84783
83023
88203
63422
66278
17707
85099
80897
27251
27946
55843
83807
86105
95757
26596
69205
27547
90613
16525
28402
98110
24637
31512
18247
18424
72333
28038
35781
65871
36966
37883
58640
55758
52956
11750
23927
78593
98049
15479
83879
35145
24403
85904
64669
79516
24849
30685
77372
30718
31195
47230
36636
32671
31824
89414
40588
88472
41396
69015
45676
84121
13949
20976
72160
92916
95806
39075
49600
63281
14977
89695
30378
40500
60494
11026
61313
82213
13681
60037
47238
70440
82806
99379
95412
25894
33552
28052
57113
54723
83890
93700
19030
10336
53848
73526
68275
56463
24454
38254
21192
51201
48676
89659
43448
39979
55637
33136
59064
46668
36381
29930
37861
40037
92083
84707
33706
58562
44875
70119
99106
58840
84155
81804
45252
61351
86126
59411
70488
41364
21877
70110
49806
37532
34818
40638
99561
20555
39610
71035
74654
23516
38044
23887
29051
91728
16379
16087
21138
11263
53233
53478
16027
61855
23870
70690
37795
16846
41430
21247
72469
58750
64018
88044
91764
68204
97493
32651
89490
64167
76217
68031
86406
78253
71430
35658
69686
38066
46565
94200
47282
44200
27589
73646
74689
10209
67230
76068
36358
54884
76772
34618
36033
56143
94550
90563
54628
47367
27801
76432
75479
11651
46880
70840
75432
69337
36939
46828
85763
26005
65912
36256
42466
97711
98607
41143
25955
89454
58693
13122
87560
60362
68885
13392
77595
75699
87729
94980
78598
48329
90255
25285
15433
85340
65619
89893
63015
47801
40405
66075
57242
25723
57485
48911
99872
99746
59029
30900
76102
93028
76616
50610
76944
93545
19300
76703
86933
77062
82561
48891
62717
16742
15130
12145
92491
49358
80548
99278
84967
52761
63543
79950
65589
29197
24494
90924
23483
29548
97388
56298
45803
45482
70819
69007
78442
24750
70906
84109
37428
84797
46576
91256
17779
20772
66152
23059
25056
31662
40514
36314
46313
19746
73535
23494
29480
67830
76056
48009
25448
60600
10939
20340
37582
77773
11976
43541
92133
27988
43200
61332
67345
12798
99314
82768
32193
59186
22580
11475
79956
44370
88561
99558
17610
63948
96310
74300
95024
35074
23762
50549
60979
96222
61239
38562
74980
43215
95093
12882
12575
64337
30772
55379
85581
11396
89593
88196
30164
74838
63746
95674
74977
75167
94882
37110
84739
91078
63997
59145
43201
95765
17925
57477
40725
46062
67605
66888
65363
71275
23442
21470
17883
66086
42281
64797
89343
69259
60251
35307
35190
40912
36114
42148
39896
73749
12191
97600
72779
10207
92556
40369
20884
52009
31728
74700
81018
15162
29187
49225
72549
79713
98910
65702
28612
10510
42669
21787
34291
91680
95322
29861
87987
47024
77142
45399
88837
91917
14613
54402
73004
37489
27759
50526
75220
69412
42781
42941
80982
62339
81870
47575
84038
32615
85808
27835
53082
89487
52977
21598
25396
49799
36369
45695
30223
95421
66690
25416
79827
35255
59543
73887
24569
39676
30472
96066
53858
71101
56732
12974
45244
40516
65402
80076
11532
13129
92783
90564
26350
16119
66004
51603
24483
61392
79171
48588
14114
72083
96203
92436
36857
99801
43219
15435
90046
46218
34162
84750
54372
28170
75565
66594
15137
61618
31162
44017
14139
57547
11883
70036
59874
89265
21252
63732
35920
38286
54914
22080
64809
47900
70223
99387
54805
27942
47860
88505
34459
14163
76150
92836
36026
10506
12488
43933
53429
55762
45441
93020
21973
17477
84465
55205
78710
61681
15103
84133
34581
36086
83153
55688
95911
19324
19914
16328
24018
82323
41678
93171
13866
70103
82286
89035
49790
23637
35826
76593
95209
98236
83401
67058
33382
88380
41749
22933
68110
24590
57767
88610
66436
29583
54594
40025
41671
97836
11004
43600